|No.		|Path 1		|Path 2		|Path 3		|Path 4		||
|1.000000	|-0.518085	|-0.549797	|0.566799	|0.501084	|
|2.000000	|-0.227592	|-0.259304	|-0.376986	|0.863882	|
|3.000000	|0.453749	|0.420276	|-0.068996	|-0.805029	|
|4.000000	|0.103291	|-0.433684	|0.373070	|-0.042676	|
|5.000000	|-0.444935	|-0.160102	|0.434340	|0.170698	|
|6.000000	|-0.105237	|-0.226269	|0.238650	|0.092856	|
|7.000000	|0.135784	|-0.222000	|-0.102059	|0.188275	|
|8.000000	|0.446164	|-0.121626	|-0.008678	|-0.315860	|
|9.000000	|0.367231	|0.148869	|-0.377496	|-0.138604	|
|10.000000	|0.083208	|-0.011709	|-0.034764	|-0.036735	|
|11.000000	|0.184346	|-0.041772	|0.101538	|-0.244112	|
|12.000000	|-0.381465	|0.166318	|0.364615	|-0.149468	|
|13.000000	|-0.318487	|0.319055	|0.165397	|-0.165964	|
